3356 3.14159265358979 1.3164817625919
174 3.14000000999998 2.57674936360999
2914 5.06000000999994 3.31395865107938
9002 0.26000001 3.83701696462807
6939 1.5 4.24273251247209
1299 4.38999999999995 4.57422625209746
12389 1.39 4.85450021541975
3549 3.05999999999998 5.09728456564615
6453 2.18 5.31143553956685
20965 0.870000000000001 5.50300011349017
8732 0.870000000000001 5.67629134949803
15557 2.19 5.83449385311554
20940 2.57999999999999 5.98002604888561
3257 0.3 6.11476781643783
11537 0.61 6.24020940095956
8928 5.61999999999992 6.35755216666423
6461 2.45999999999999 6.46777875178502
10026 1.9 6.57170314058493
7018 3.01999999999998 6.67000717925816
12956 3.59999999999997 6.76326771450825
2828 3.75999999999996 6.85197710390722
9498 3.42999999999997 6.93655895051611
18881 2.63999999999999 7.01738033700854
13041 3.45999999999997 7.09476145413362
1239 2.73999999999999 7.16898326235227
4826 1.74 7.24029364990369
7843 2.54999999999999 7.30891242805432
1200_8732 1.08 7.37503541745591
5580 2.82999999999998 7.43883781711276
4837 2.74999999999999 7.50047700197764
4134 3.88999999999996 7.56009486165581
1273 2.36999999999999 7.61781976768231
2516 2.89999999999998 7.6737682379855
701 3.86999999999996 7.72804635280311
16625 2.82999999999998 7.78075096529993
6762 2.67999999999999 7.83197074160301
4725 1.65 7.88178705830867
3462 2.95999999999998 7.93027478027624
2603 1.02 7.97750293737308
8359 0.73 8.02353531552633
766 3.50999999999997 8.06843097478155
6830 3.98999999999996 8.1122447049253
29208 4.01999999999996 8.15502742748929
3786 4.07999999999996 8.1968265515342
43975 1.2 8.23768628944703
8218 1.07 8.27764793802662
35400 1.25 8.31675012933746
4766 2.71999999999999 8.35502905515171
41313 5.66999999999992 8.39251866824759
11404 4.71999999999994 8.42925086337035
35994 2.88999999999998 8.4652556402725
10010 1.68 8.50056125092177
209 2.79999999999998 8.53519433268667
33891 5.19999999999993 8.5691800290724
9829 3.44999999999997 8.60254209937821
20485 3.94999999999996 8.63530301847399
4230 2.30999999999999 8.66748406774563
4436 2.85999999999998 8.69910541813085
5603 4.57999999999995 8.73018620605685
17557 3.30999999999997 8.76074460299572
16735 3.34999999999997 8.79079787927065
7738 2.77999999999998 8.82036246267389
12552 1.11 8.84945399239469
31042 5.56999999999993 8.8780873687004
4739 4.53999999999995 8.90627679876579
4808 2.75999999999999 8.93403583900358
3320 2.77999999999998 8.96137743421184
9680 2.93999999999998 8.98831395382119
6621 3.26999999999997 9.01485722549601
21219 3.67999999999997 9.04101856631801
3561 3.23999999999997 9.06680881175793
6663 5.11999999999994 9.09223834262109
6713 3.55999999999997 9.11731711013443
3255 0.28 9.14205465932676
2119 0.980000000000001 9.16646015083974
12578 5.05999999999994 9.19054238129432
7922 3.81999999999996 9.21430980232588
4713 5.00999999999994 9.23777053839116
20804 4.96999999999994 9.26093240344103
35320 4.50999999999995 9.28380291654442
224 1.02 9.30638931654179
1835 1 9.32869857579964
6983 3.09999999999998 9.35073741313117
10310 2.28 9.37251230594338
251 0.77 9.39402950166521
39392 2.86999999999998 9.41529502850737
7713 2.91999999999998 9.43631470560024
19092 2.42999999999999 9.45709415255228
7545 3.71999999999996 9.47763879846852
5400 4.92999999999994 9.49795389046511
8657 3.20999999999998 9.51804450171345
23520 3.78999999999996 9.5379155390447
4755 3.42999999999997 9.55757175014328
16509 3.15999999999998 9.57701773035555
39293 1.22 9.59625792913834
26554 1.6 9.61529665616979
19024 2.98999999999998 9.63413808714351
36351 4.85999999999994 9.65278626926567
38809 5.89999999999992 9.67124512647298
13030 5.15999999999993 9.68951846438843
9505 3.70297029702971 9.70760997503056
14265 4.27450980392156 9.72552324129058
39386 3.19417475728155 9.74326174119124
8866 4.88461538461541 9.76082885193985
44237 1.29523809523809 9.7782278537874
1241 2.68867924528304 9.79546193370475
9299 2.26168224299065 9.81253418888628
43727 3.68518518518516 9.82944763009048
680 0.95412844036697 9.84620518482671
3209 0.790909090909089 9.8628097003963
7473 4.29729729729728 9.87926394679615
19151 0.937499999999999 9.89557061949207
22927 3.62831858407076 9.91173234206889
17974 2.92105263157893 9.92775166876371
6895 3.52173913043477 9.94363108688872
46786 0.965517241379309 9.95937301914893
7539 0.666666666666667 9.97497982586055
6167 3.84745762711863 9.99045380707493
3754 0.638655462184874 10.0057972046129
12883 0.4 10.0210122040138
6057 3.85950413223144 10.0361009364042
9318 4.90163934426225 10.0510654802887
39792 3.37398373983742 10.065907863269
36352 2.85483870967744 10.080630063692
13977 3.288 10.0952340122325
13293 4.42857142857141 10.1097215934128
42610 1.31496062992126 10.1240946470621
39608 5.8515625 10.1383549697185
29470 5.09302325581396 10.1525043159768
60610 5.03846153846152 10.1665443997839
50304 5.94656488549623 10.1804768956849
10578 0.613636363636363 10.1943034400217
8339 5.21052631578941 10.208025632086
15830 3.17910447761195 10.2216450352299
6327 4.48888888888889 10.2351631779345
7029 3.7720588235294 10.2485815548393
49800 1.32846715328468 10.2619016277339
2200 0.804347826086957 10.2751248265141
6697 0.179856115107914 10.2882525501023
12338 3.52857142857142 10.3012861673361
42525 0.992907801418441 10.3142270178249
7506 1.88732394366197 10.327076412776
3261 0.195804195804196 10.3398356357917
3292 0.999999999999997 10.3525059436392
15772 5.85517241379299 10.3650885669929
2153 0.595890410958905 10.3775847111525
11232 3.73469387755097 10.3899955567351
4651 1.57432432432433 10.4023222603448
27750 0.926174496644294 10.41456595522
6828 1.26666666666667 10.4267277518578
10834 3.62251655629135 10.438808738619
7992 3.22368421052634 10.4508099823124
27699 3.60784313725489 10.46273252876
8323 4.43506493506496 10.474577403344
8781 3.54193548387093 10.486345611536
31287 5.14102564102562 10.4980381394092
4323 3.65605095541407 10.5096559541343
3741 4.94936708860762 10.5212000044591
12615 1.55974842767296 10.5326712211741
31167 2.25000000000002 10.5440705175625
20473 2.86335403726705 10.5553987898364
23352 2.85185185185186 10.5666569175599
49788 5.8159509202455 10.5778457640587
8595 0.817073170731708 10.5889661768177
13249 3.3272727272727 10.6000189878657
22561 2.80120481927713 10.6110050141493
4637 3.38323353293411 10.6219250578951
30781 4.98809523809529 10.6327799069615
8400 5.61538461538463 10.6435703351793
10594 3.6470588235294 10.6542971026833
1257 1.09356725146198 10.6649609562331
6805 3.59302325581396 10.6755626295255
8228 2.2485549132948 10.686102843497
5650 3.39080459770112 10.6965823066183
13329 1.54857142857143 10.7070017151801
42708 5.81818181818192 10.7173617535704
15169 3.50847457627115 10.7276630945443
43531 5.07865168539323 10.7379063994866
31679 4.02793296089389 10.748092318666
8151 0.35 10.7582214914832
52965 2.79005524861878 10.7682945467116
46717 1.58791208791208 10.7783121027315
7552 2.11475409836065 10.7882747677581
9443 0.358695652173913 10.7981831400628
8767 5.02702702702707 10.8080378081889
9848 2.70430107526882 10.8178393511614
28908 0.98395721925134 10.8275883386912
9394 2.1223404255319 10.8372853313736
22384 3.74603174603171 10.8469308808822
4768 2.87894736842102 10.8565255301564
5541 5.17277486911004 10.8660698135858
9145 3.25520833333336 10.8755642571879
12989 3.08290155440415 10.8850093787826
5518 4.40206185567009 10.8944056881616
16097 5.10256410256409 10.9037536872533
38561 5.89795918367342 10.9130538702838
32097 1.53807106598984 10.9223067239337
9416 3.70202020202024 10.9315127274911
35916 3.23618090452258 10.9406723530001
2497 1.68999999999999 10.9497860654065
2514 5.00497512437818 10.9588543226993
8612 2.67821782178218 10.9678775760486
2519 2.90640394088674 10.9768562699406
5483 5.68137254901959 10.9857908423087
43205 5.62926829268293 10.9946817246617
14155 1.54854368932039 11.0035293422093
8402 3.33333333333335 11.0123341139835
15133 4.47596153846164 11.0210964529579
6789 5.98086124401924 11.0298167661643
8529 3.36666666666666 11.0384954548055
8501 0.810426540284363 11.0471329143666
201776 5.98113207547157 11.0557295347228
31242 4.99530516431916 11.0642857002454
9121 2.77102803738316 11.0728017899044
22759 4.71162790697675 11.0812781773695
9901 3.38425925925928 11.0897152311086
38778 6.00460829493078 11.0981133144836
15412 3.54128440366969 11.1064727858448
19108 4.31506849315075 11.1147939986219
8057 3.2772727272727 11.1230773014144
37662 3.39819004524886 11.1313230380787
8897 3.53603603603608 11.1395315478142
8416 1.22421524663677 11.1477031652467
10013 4.94196428571422 11.1558382205102
8591 5.18222222222209 11.1639370393272
34224 5.63274336283193 11.171999943087
55761 2.12775330396476 11.1800272489217
23148 5.14912280701761 11.1880192697818
47872 1.56331877729257 11.1959763145087
30990 3.66521739130441 11.2038986879068
41272 2.24242424242424 11.2117866908133
1916 0.926724137931032 11.219640620167
8560 4.91416309012877 11.227460769075
17506 5.0128205128205 11.2352474268786
50607 0.340425531914894 11.2430008792176
29278 5.60169491525441 11.250721408093
15399 2.1350210970464 11.2584092919285
35805 2.10924369747899 11.2660648056309
2529 2.3849372384937 11.2736882206492
39554 1.00833333333333 11.2812798050319
33363 2.52697095435684 11.288839823484
35908 1.52892561983472 11.2963685374222
47355 2.23456790123458 11.3038662050293
34383 2.22950819672129 11.3113330813068
41334 2.22448979591839 11.3187694181278
15994 3.54878048780484 11.3261754642871
30962 4.38461538461542 11.3335514655519
29467 5.08467741935478 11.3408976647101
36866 3.39759036144582 11.3482143016186
29468 1.116 11.3555016132505
6768 0.211155378486056 11.3627598337406
32421 4.95634920634919 11.3699891944309
58002_43268 3.37549407114623 11.3771899239147
5089 1.0511811023622 11.3843622480802
37100 5.04705882352939 11.3915063901527
19029 3.109375 11.3986225707366
6908 5.13229571984434 11.4057110078559
12486 3.66279069767442 11.4127719169948
28654 5.79150579150579 11.4198055111365
13536_20225 1.51923076923076 11.426812000802
49373 0.91954022988506 11.4337915940877
8455 5.07251908396946 11.440744496703
262488 6.02281368821283 11.447670912006
31500 1.08712121212121 11.4545710410398
1421 1.51320754716981 11.4614450825669
13489 2.73308270676688 11.4682932331041
22822 4.98127340823954 11.475115686956
12850 5.10820895522395 11.481912636248
34547 4.58364312267649 11.4886842709589
28663 5.77407407407413 11.4954307789526
5645 4.98154981549816 11.5021523460095
62567 2.13970588235294 11.5088491558574
49352 6.04029304029302 11.5155213902009
34879 0.94525547445256 11.522169228752
2518 2.10181818181819 11.5287928492584
58463 2.14492753623188 11.5353924275322
27257 3.86642599277983 11.541968137478
13285 0.823741007194241 11.5485201511203
45147 6.00358422939058 11.5550486386307
18403 2.71071428571428 11.5615537683542
25933 3.06405693950183 11.5680357068351
12252 0.333333333333334 11.574494618843
45753 4.37102473498236 11.5809306673978
9781 2.70422535211273 11.5873440137941
59605 2.23859649122808 11.5937348176258
11845 2.59790209790209 11.6001032368098
30950 1.03135888501742 11.6064494276094
29695 1.03472222222222 11.6127735446573
12025 4.36332179930787 11.6190757409781
17511 1.90689655172411 11.625356168011
16265 5.02061855670101 11.631614975631
38930 5.17808219178071 11.6378523121706
6667 0.914675767918094 11.6440683244411
262761 3.35714285714287 11.6502631577531
28245 3.3525423728814 11.656436955937
262760_52521 3.07094594594597 11.6625898613629
16851 1.50505050505052 11.6687220149604
25408 0.218120805369127 11.6748335562381
1120 1.05685618729097 11.6809246233022
28168 6.02333333333318 11.6869953528759
1221 3.37873754152827 11.6930458803171
28329 2.64900662251651 11.6990763396371
24490 0.828382838283832 11.705086863518
2637 0.624999999999998 11.7110775833305
263444 5.79016393442616 11.7170486291508
9286 2.7156862745098 11.7230001297781
19029_6983 3.09446254071661 11.7289322127504
18687 4.27272727272727 11.734845004362
9394_24134 2.76699029126212 11.7407386296787
28202 3.07096774193552 11.7466132125541
12779 5.03215434083604 11.7524688756451
1955 0.798076923076921 11.7583057404273
50245 5.07987220447291 11.7641239272104
1764 1.06050955414013 11.7699235551524
36678 4.36825396825395 11.7757047422749
15224 4.92088607594926 11.7814676054772
6130 3.29652996845424 11.7872122605506
1136 4.99999999999993 11.7929388221922
30023 3.33855799373034 11.7986474040189
7782 1.50000000000001 11.8043381185806
20915 5.13395638629269 11.8100110773738
6509 0.909937888198752 11.8156663908545
2856 4.92569659442729 11.8213041684513
201921 1.32407407407408 11.826924518578
35699 3.47384615384608 11.832527548646
10217 4.96012269938655 11.8381133650768
14085 0.587155963302754 11.8436820733142
198432 3.47560975609747 11.8492337778358
24319 2.95136778115506 11.8547685821653
41798 0.224242424242424 11.8602865888838
1312 0.930513595166158 11.8657878996411
9354 2.9096385542169 11.8712726151673
26794 3.27027027027021 11.8767408352836
28884 3.94910179640715 11.8821926589132
133372 3.41492537313437 11.887628184092
11427 2.53273809523813 11.8930475079795
262773 2.64391691394663 11.8984507268689
10796 2.53550295857988 11.9038379361974
35471 6.05604719764031 11.9092092305564
262999 2.65294117647058 11.9145647037014
20001 2.53958944281525 11.9199044485619
28281 2.31871345029243 11.9252285572512
28303 2.63848396501463 11.9305371210754
44700 5.16860465116274 11.9358302305435
26479 2.84637681159417 11.9411079753762
15576 3.17052023121382 11.946370444515
34875 1.24495677233431 11.9516177261316
10429 5.77298850574726 11.9568499076364
8368 3.14899713467057 11.9620670756872
29084 1.55714285714287 11.9672693161982
12831 4.42735042735037 11.972456714348
38082 3.14488636363642 11.9776293545884
8544 3.14164305949014 11.9827873206524
57344 5.64124293785326 11.9879306955624
27765 6.06760563380313 11.9930595616381
18592 0.92415730337078 11.9981740005047
28968 0.725490196078429 12.0032740931003
12182 3.13687150837991 12.0083599196841
9824 1.89972144846795 12.0134315598433
7352 3.1861111111111 12.0184890925013
12670 1.06371191135733 12.0235325959244
17444 1.91436464088396 12.0285621477297
262822 2.63360881542696 12.0335778248916
54489 3.13186813186812 12.0385797037496
52320 6.06849315068511 12.0435678600146
13618 2.92896174863388 12.0485423687762
1853 0.831062670299732 12.0535033045093
8778 4.02717391304338 12.0584507410809
3112 0.821138211382116 12.0633847517565
4610 1.74594594594593 12.0683054092069
47764 6.04043126684658 12.0732127855145
558 2.45430107526885 12.0781069521794
1200 3.37265415549587 12.0829879801261
7670 1.65508021390375 12.0878559397092
29017 5.05066666666664 12.0927109007199
37179 3.36170212765954 12.0975529323917
5537 5.76127320954899 12.1023821034065
10910 3.12698412698416 12.1071984819002
7065 3.75197889182051 12.112002135469
8001 3.22894736842097 12.1167931311745
48287 0.230971128608924 12.1215715355495
18068 1.8821989528796 12.1263374146039
3352 3.52219321148829 12.1310908338294
262206 3.24999999999995 12.135831858206
15756 0.205194805194805 12.1405605522061
53755 1.56735751295337 12.1452769798007
43157 3.17312661498704 12.1499812044642
133185 3.41237113402061 12.1546732891797
11888 3.24164524421587 12.1593532964436
38525 4.4128205128205 12.1640212882713
17964 2.7647058823529 12.1686773262017
4847_17964 2.76530612244897 12.1733214713018
33843 5.16284987277368 12.1779537841724
26935 3.15228426395944 12.1825743249518
17459 0.359493670886077 12.1871831533212
17486 0.358585858585859 12.1917803285091
9814 2.76070528967253 12.1963659092959
17897 3.89949748743713 12.2009399540182
18978 1.58145363408519 12.2055025205735
12778 6.05500000000025 12.2100536664246
27364 3.20199501246878 12.2145934486038
22356 5.77611940298517 12.2191219237174
28907 0.401985111662532 12.2236391479495
18779 1.52475247524753 12.2281451770667
19318 3.74074074074086 12.232640066422
17554 1.91871921182269 12.2371238709587
5639 3.79361179361171 12.2415966452148
3252 3.21813725490195 12.2460584433267
15836 5.1271393643032 12.2505093190334
6648 1.89512195121951 12.2549493256798
17806 3.16788321167893 12.2593785162214
19782 0.604368932038835 12.2637969432274
11096 0.629539951573854 12.2682046588847
16285 1.35024154589373 12.2726017150016
61169 3.9855421686746 12.2769881630114
16016 3.13461538461547 12.281364053976
6503 3.08872901678655 12.2857294385897
31877 3.12440191387565 12.2900843671824
23456 3.18138424820998 12.2944288897231
197071 6.08095238095236 12.2987630558236
210 0.581947743467935 12.3030869147417
15835 2.36492890995265 12.3074005153847
6059 6.08983451536619 12.3117039063124
39545 5.0518867924527 12.3159971357409
10886 6.08941176470566 12.3202802515454
39543 5.17370892018788 12.3245533012635
20730 3.95550351288038 12.3288163320985
8881 4.33177570093446 12.3330693909224
12392 4.90909090909079 12.3373125242792
25852 1.49534883720932 12.3415457783876
43061 2.97911832946641 12.3457691991442
9395_17431 2.76851851851856 12.3499828321267
13124 5.12471131639706 12.3541867225964
25180 3.32258064516123 12.3583809155017
21103 1.35402298850574 12.3625654554804
30517 2.98165137614674 12.3667403868629
5413 3.28146453089255 12.3709057536748
16154 5.67351598173499 12.37506159964
6848 4.33712984054663 12.3792079681831
293 0.906818181818187 12.3833449024325
197043 6.08163265306148 12.3874724452225
6389 2.99999999999999 12.3915906390968
271 0.911963882618506 12.3956995263103
7132 2.99774774774782 12.3997991488323
1653 1.01123595505618 12.4038895483487
4466 3.00224215246638 12.4079707662647
10947 3.26621923937364 12.4120428437075
6653 3.40178571428566 12.4161058215282
17816 2.75055679287301 12.4201597403051
57997 5.94666666666684 12.4242046403453
3267 5.76053215077603 12.4282405616877
22652 3.49115044247793 12.4322675441051
15958 3.29359823399547 12.4362856271065
26496 2.14977973568278 12.4402948499398
11242 0.931868131868129 12.4442952515936
52950 0.932017543859641 12.4482868707999
11317 0.621444201312911 12.4522697460359
11798 1.50873362445413 12.4562439155268
53163 2.65359477124184 12.4602094172474
31863 4.39347826086947 12.4641662889249
23005 0.939262472885026 12.4681145680404
8447 2.97619047619046 12.4720542918314
262748 2.65658747300216 12.4759854972941
17306 1.49137931034485 12.4799082211851
29300 5.94623655913948 12.4838225000235
42979 0.236051502145922 12.4877283700931
31708 3.29978586723771 12.4916258674444
16637_2905 3.0576923076923 12.4955150278967
5391 5.60767590618363 12.4993958870397
7385 3.25957446808516 12.5032684802357
13184 3.59023354564772 12.5071328426218
2686 1.08262711864407 12.5109890091111
3212 5.56659619450319 12.5148370143954
10099 2.75316455696201 12.5186768929466
33387 1.54105263157897 12.5225086790185
8359_12294 0.733193277310922 12.526332406649
48642 3.00419287211734 12.5301481096616
3816 3.58577405857737 12.5339558216673
46562 2.81210855949894 12.5377555760663
5610 3.59999999999996 12.54154740605
14259 3.61538461538453 12.5453313446024
12222 3.82157676348546 12.5491074245021
8559 5.21325051759835 12.5528756783239
12129 3.32024793388424 12.5566361384403
16058 3.55670103092782 12.5603888370237
12772 1.34156378600823 12.5641338060473
276 0.585215605749483 12.5678710772875
36944 0.834016393442616 12.5716006823249
29863 3.48875255623712 12.5753226525462
25229 0.240816326530612 12.5790370191459
4609 1.92260692464355 12.5827438131274
81 0.601626016260163 12.5864430653052
10550 0.584178498985802 12.5901348063059
48559 4.96558704453423 12.5938190665699
36493 1.4868686868687 12.5974958763532
16626 2.46169354838707 12.6011652657281
43273 1.22736418511066 12.6048272645858
11994 2.4678714859438 12.6084819026367
27310 2.44889779559115 12.6121292094128
29659 5.17799999999965 12.6157692142686
33885 0.976047904191629 12.6194019463826
12703 2.47211155378486 12.6230274347587
26101 2.28230616302182 12.6266457082278
9557 3.31547619047618 12.6302567954489
23674 3.31287128712872 12.6338607249107
30165 3.12450592885386 12.6374575249328
35548 5.06903353057167 12.6410472236668
34674 5.67519685039407 12.6446298490982
13385 3.81728880157187 12.6482054290474
11955 2.5313725490196 12.6517739911708
13739 2.45792563600777 12.6553355629623
12124 3.126953125 12.6588901717546
32475 2.47563352826516 12.6624378447206
54540 2.46498054474707 12.665978608874
3801 2.84660194174765 12.6695124910714
48330 5.98449612403056 12.6730395180129
26599 3.61121856866529 12.6765597162436
87 0.604247104247103 12.6800731121546
13213 2.44508670520228 12.6835797319844
27445 3.40192307692307 12.68707960182
9757 2.70057581573894 12.690572747598
45671 4.95593869731792 12.6940591951058
33662 3.82409177820265 12.6975389699827
21899 2.47900763358779 12.7010120977211
21099 2.44190476190476 12.7044786036676
40039 3.81939163498087 12.7079385130241
133460 1.91461100569264 12.7113918508489
45595 3.31060606060614 12.7148386420578
43608 5.57088846880907 12.7182789114252
17638 3.89622641509451 12.7217126835849
24958 5.62335216572468 12.7251399830318
58466 3.89285714285729 12.7285608341222
17633 3.90243902439011 12.7319752610753
4812 3.88951310861407 12.7353832879741
12508 5.63738317756977 12.7387849387665
1267 5.62126865671612 12.7421802372661
2609 5.59776536312841 12.7455692071535
36903 3.55947955390327 12.748951871977
198894 5.56400742115052 12.7523282551537
6855 5.60555555555541 12.7556983799707
15926 5.57301293900149 12.7590622695855
15589 5.64391143911455 12.7624199470276
34502 5.60957642725625 12.7657714351991
62639 2.81433823529422 12.7691167568754
28685 2.84403669724764 12.7724559347069
23265 2.81684981684981 12.775788991219
8935 2.8098720292505 12.7791159488137
13121 5.8576642335764 12.7824368297701
2025 0.821493624772319 12.7857516562456
8439 1.21818181818181 12.7890604502765
9351 1.68239564428309 12.792363233779
43948 0.978260869565221 12.7956600285503
33003 1.55153707052444 12.7989508562689
35680 0.240072202166065 12.8022357384961
6594 1.49189189189188 12.8055146966763
9158 0.973021582733808 12.8087877521384
30479 3.13105924596062 12.8120549260961
26640 1.58960573476704 12.8153162396488
719 0.915921288014316 12.818571713783
4686 4.94107142857154 12.8218213693723
39277 5.12121212121237 12.8250652271786
16477 3.33807829181486 12.8283033078532
18278 1.67850799289518 12.8315356319368
23791 1.6755319148936 12.8347622198611
20530 5.11858407079663 12.8379830919491
35244 5.10424028268555 12.8411982684159
15933 5.10229276895957 12.8444077693696
43234 0.82394366197184 12.8476116148122
42864 5.59929701230254 12.8508098246398
262244 4.39298245614016 12.8540024186439
17785 3.90542907180399 12.8571894165119
24612 1.19755244755245 12.8603708378279
4685 1.91099476439789 12.8635467020732
9600 1.90243902439029 12.8667170286275
3243 3.21391304347835 12.8698818367689
15774 3.94444444444454 12.8730411456753
47241 3.95320623916808 12.8761949744248
54548 0.941176470588246 12.8793433419962
15525 3.21070811744381 12.8824862672701
42825 1.20172413793101 12.8856237690291
15500 1.20481927710843 12.888755865959
225 0.929553264604808 12.8918825766491
12810 3.54888507718705 12.8950039195928
25008 1.19520547945204 12.8981199131887
25405 1.19316239316239 12.9012305757407
34449 1.19965870307167 12.9043359254592
9617 1.89778534923333 12.9074359804612
28573 2.31122448979595 12.9105307587712
262849 2.30730050933779 12.9136202783221
4058 1.92033898305088 12.9167045569551
24762 1.0896785109983 12.9197836124212
14905 2.8057432432432 12.922857462381
15967 4.4384485666106 12.925926124406
49377 1.24410774410776 12.9289896159785
6703 0.398319327731091 12.932047954493
13230 5.09563758389228 12.9351011572562
29182 5.09380234505863 12.9381492414875
36994 2.37123745819407 12.9411922243203
15502 2.37562604340567 12.9442301228018
17885 2.36833333333333 12.947262953894
42816 2.36106489184692 12.9502907344741
50186 5.14285714285699 12.9533134813352
199048 5.14096185737991 12.9563312111868
22429 3.18543046357608 12.9593439406552
55453 3.30743801652884 12.9623516862843
35773 1.55610561056107 12.9653544645361
38229 0.827018121911036 12.968352291791
12946 3.53125000000008 12.9713451843486
42298 3.54515599343181 12.9743331584281
16836 2.53606557377046 12.9773162301689
4780 1.87888707037647 12.9802944156312
17675 1.91666666666666 12.9832677307961
38172 1.8923327895595 12.9862361915668
16234 1.03583061889251 12.9891998137685
48361 0.814634146341459 12.9921586131492
30266 3.29707792207777 12.9951126053801
17686 5.00972447325762 12.9980618060562
37493 3.55501618122966 13.0010062306968
42549 5.05654281098532 13.0039458947457
34354 5.06451612903234 13.0068808135722
39354 5.06119162640904 13.009811002471
28843 5.05948553054673 13.0127364766631
29485 5.18298555377199 13.0156572512964
52350 3.63141025641047 13.0185733414454
30784 0.817600000000007 13.0214847621126
21294 5.17092651757223 13.0243915282284
32645 3.29027113237647 13.0272936546518
13672 3.28821656050947 13.0301911561704
8968 4.93004769475372 13.0330840475018
25054 4.93174603174602 13.035972343293
49787 4.99366085578434 13.0388560581214
48514 1.01107594936709 13.0417352064953
42042 1.36018957345974 13.044609802854
25515 1.36277602523659 13.0474798615687
8470 1.35748031496065 13.0503453969423
9198 1.36635220125787 13.0532064232103
51583 1.36891679748821 13.0560629545413
12494 1.37147335423195 13.058915005037
25490 1.37402190923319 13.0617625887329
8615 1.37656249999999 13.0646057195987
42038 1.37909516380654 13.0674444115386
36850 0.601246105919 13.0702786783918
43132 1.38102643856922 13.073108533933
196742 1.38354037267079 13.0759339918725
8342 1.3643410852713 13.0787550658569
34797 1.38544891640868 13.0815717694694
30856 1.34775888717157 13.0843841162299
21487 1.38734567901232 13.087192119596
28812 1.38983050847459 13.089995792963
6200 0.607692307692306 13.0927951496641
12705 1.25038402457758 13.0955902029711
31094 1.25306748466259 13.0983809660949
28719 1.25574272588054 13.1011674521854
3239 1.24770642201833 13.1039496743323
3676 0.63206106870229 13.1067276455651
6360 0.589939024390241 13.1095013788539
6325 0.619482496194829 13.1122708871094
683 0.606382978723404 13.1150361831834
54858 4.72230652503812 13.1177972798692
3128 0.627272727272726 13.1205541899019
199793 3.37670196671712 13.1233069259586
11303 5.15105740181282 13.1260555006592
51810 2.69381598793363 13.1287999265662
32392 1.5331325301205 13.1315402161854
41421 1.48421052631582 13.1342763819662
11796 1.48198198198196 13.1370084363017
13576 1.47976011994002 13.1397363915294
49767 4.01946107784427 13.1424602599313
11486 3.86995515695082 13.1451800537341
703 3.87164179104462 13.1478957851101
26286 3.64679582712359 13.1506074661768
31857_31587 3.64880952380971 13.1533151089976
57168 5.03566121842495 13.1560187255823
50957 5.03709198813054 13.158718327887
6706 4.01629629629618 13.1614139278147
34315 4.02218934911254 13.1641055372155
12683 1.3456425406204 13.1667931678869
43542 4.0132743362834 13.1694768315744
57306 6.03829160530189 13.1721565399714
16578 3.26029411764705 13.1748323047195
262323 2.64610866372973 13.1775041374092
23033 4.718475073314 13.18017204958
54805_14744 4.72474377745222 13.1828360527206
32107 4.71637426900596 13.1854961582693
8220 3.47007299270085 13.1881523776141
20738 4.37755102040829 13.1908047220935
3308 4.39010189228516 13.1934532029962
58381 6.00726744186009 13.1960978315616
58392 2.14368650217705 13.1987386189804
18822 3.61594202898536 13.2013755763943
24766 5.16497829232974 13.2040087148968
24592 3.46820809248569 13.2066380455331
4589 3.46608946608933 13.2092635793008
20860 4.40922190201723 13.2118853271497
8426 3.46330935251783 13.2145032999824
12644 5.56609195402291 13.2171175086545
278 0.92252510760403 13.2197279639747
18 0.583094555873924 13.2223346767053
31452 2.23891273247491 13.2249376575625
20825 3.98999999999981 13.2275369172163
35613 3.99286733238214 13.2301324662912
196845 3.99572649572665 13.2327243153661
46652 4.416785206259 13.2353124749749
22128 3.06534090909098 13.2378969556065
43584 3.22978723404238 13.2404777677051
49056 4.58640226628915 13.2430549216705
31642 1.11032531824612 13.2456284278584
31100 4.37994350282501 13.2481982965805
8752 4.37517630465469 13.2507645381049
47217 4.41971830985953 13.2533271626562
34011 4.35864978902954 13.255886180416
34300 0.919943820224725 13.2584416015228
2110 4.35624123422131 13.2609934360724
1759 4.39635854341735 13.2635416941184
41998 4.35384615384634 13.2660863856719
19551 4.35195530726249 13.2686275207022
20773 4.40725244072512 13.2711651091367
6724 4.349582172702 13.2736991608614
25248 4.42141863699605 13.2762296857211
48524 1.26805555555555 13.2787566935194
53543 4.49098474341208 13.2812801940191
7565 3.16759002770079 13.2838001969425
17501 3.41078838174273 13.2863167119715
50796 1.06629834254143 13.2888297487478
48072 1.06758620689657 13.2913393168731
8565 1.06198347107437 13.2938454259097
24940 5.15955983493797 13.2963480853801
1836 5.15796703296739 13.2988473047677
22698 3.79012345679002 13.3013430935167
9340 4.41369863013699 13.3038354610327
34896 1.39261285909715 13.3063244166824
42895 1.3948087431694 13.3088099697943
39493 1.39699863574354 13.3112921296585
41440 1.39918256130791 13.3137709055274
33991 1.4013605442177 13.3162463066152
8997 1.35597826086955 13.318718342099
9506 4.29443690637746 13.321187021118
9976 4.89972899728982 13.3236523527746
23243 3.25033829499337 13.3261143461341
197663 2.97837837837835 13.328573010225
56542 1.34952766531712 13.3310283540393
47316 5.03234501347732 13.3334803865326
4043 2.42664872139965 13.3359291166242
23138 2.42876344086033 13.3383745531975
29831 2.42550335570473 13.3408167051002
46887 1.48927613941015 13.3432555811442
3758 4.29718875502013 13.3456911901061
57696 4.98663101604264 13.3481235407273
34173 4.98531375166862 13.3505526417141
48517 3.14933333333325 13.352978501738
7470 3.14513981358203 13.3554011294358
263582 2.63696808510635 13.3578205334098
23465 1.49535192563081 13.3602367222281
34629 3.68832891246671 13.3626497044246
45528 3.41854304635773 13.3650594884992
17917 3.4206349206348 13.3674660829183
24560 3.42272126816394 13.3698694961145
23870 3.41952506596322 13.3722697364871
23752 3.42160737812899 13.3746668124021
59216 3.41710526315778 13.3770607321926
16815 3.13797634691206 13.3794515041586
34393 0.341207349081364 13.3818391365676
45609 3.43774574049809 13.3842236376546
12997 3.68979057591604 13.3866050156219
198455 0.990849673202611 13.3889832786402
35158 0.99216710182766 13.3913584348475
41822 0.730117340286832 13.3937304923506
25513 0.735677083333337 13.396099459224
41554 0.7373211963589 13.3984653435113
25086 0.728571428571419 13.4008281532241
8437 1.09597924773022 13.4031878963434
1213 0.90414507772021 13.4055445808188
12676 5.04398447606733 13.407898214569
16276 5.09819121447022 13.4102488054823
60487 5.20258064516124 13.4125963614162
1103 0.836340206185564 13.4149408901978
55 0.90218790218791 13.417282399624
786 0.838046272493566 13.4196208974617
2602 0.90500641848523 13.4219563914478
2607 0.839743589743587 13.4242888892894
34244 1.09475032010243 13.4266183986641
36040 0.900255754475696 13.4289449272197
237 0.832694763729257 13.4312684825752
559 0.835459183673477 13.4335890723199
2907 0.903184713375796 13.4359067040145
13742 1.5063613231552 13.4382213851905
3303 1.09783989834817 13.4405331233508
9143 1.08121827411169 13.4428419259699
62567_65040 2.13814955640057 13.4451478004935
26592 3.05316455696204 13.4474507543393
21859 3.05183312262969 13.4497507948967
27823 3.05555555555562 13.4520479295272
12897 3.05044136191666 13.4543421655644
263569 3.06045340050367 13.456633510314
44112 0.230188679245283 13.4589219710543
262827 2.65075376884418 13.4612075550362
44180 5.16813048933499 13.4634902694832
28667 3.04887218045107 13.4657701215916
3479 0.625782227784734 13.4680471185306
57101 4.96750000000008 13.4703212674427
41201 4.96878901373266 13.4725925754435
38987 4.9700748129675 13.4748610496219
6189 6.09090909090837 13.4771266970406
202171 1.52985074626868 13.4793895247355
56173 2.27826086956521 13.4816495397166
28194 3.50496277915645 13.4839067489676
37183 5.04584882280047 13.4861611594464
49106 3.37004950495029 13.4884127780848
43591 1.11742892459829 13.4906616117892
39886 5.08518518518549 13.4929076674401
263034 4.85819975339057 13.4951509518927
21844 4.86083743842374 13.4973914719768
197035 3.32718327183292 13.499629234497
29491 3.3255528255527 13.5018642462329
14061 5.02331288343593 13.5040965139389
28114 3.0674019607845 13.5063260443448
28343 3.04773561811495 13.5085528441555
262680 3.04645476772623 13.5107769200514
11556 3.07448107448106 13.5129982786884
19889 3.07682926829249 13.5152169266979
10333 3.07795371498179 13.5174328706872
42965 3.07907542579087 13.5196461172395
7349 3.75820170109376 13.5218566729138
30055 1.47694174757282 13.5240645442455
21782 1.47515151515152 13.5262697377459
21840 1.47336561743338 13.5284722599028
32453 1.47158403869404 13.5306721171804
46208 1.47826086956522 13.5328693160196
8257 4.03015681544005 13.5350638628379
31290 3.28192771084325 13.5372557640294
7162 3.08543922984351 13.5394450259654
21737 1.54326923076927 13.5416316549941
36103 3.76110444177647 13.5438156574407
21843 3.75539568345322 13.5459970396078
16526 3.76287425149676 13.5481758077753
32524 3.76435406698574 13.5503519682005
31981 3.65591397849475 13.5525255271182
27401 3.65751789976126 13.5546964907411
6761 0.205005959475566 13.5568648652596
13451 3.15238095238094 13.5590306568416
17338 1.46967895362667 13.5611938716336
19969 1.52256532066504 13.5633545157598
3265 1.46737841043895 13.5655125953226
7235 1.46563981042657 13.5676681164027
53264 1.46390532544376 13.5698210850595
22653 1.49763593380615 13.5719715073305
33920 1.55371900826449 13.574119389232
62943 1.46226415094337 13.576264736759
19171 1.49352179034159 13.5784075558853
31727 5.01764705882311 13.5805478525635
36049 1.46063454759108 13.5826856327253
29632 1.5164319248826 13.5848209022816
12112 1.53458382180541 13.5869536671222
27418 1.46838407494141 13.5890839331166
55536 1.45847953216376 13.5912117061133
18596 1.54439252336445 13.5933369919405
36363 1.45740956826135 13.595459796406
3302 5.08741258741248 13.5975801252973
13335 5.11175785797381 13.5996979843815
12008 5.12906976744157 13.6018133794056
25818 5.06736353077871 13.6039263160969
28717 5.13689095127581 13.6060368001623
12843 4.99188876013914 13.608144837289
5432 4.97800925925938 13.6102504331447
48315 5.09942196531772 13.6123535933771
6661 5.11085450346396 13.6144543236145
13037 5.07497116493639 13.6165526294656
5607 5.14516129032245 13.6186485165198
16027 5.08860759493709 13.6207419903472
29686 5.10574712643665 13.6228330564985
39743 5.15269804822074 13.6249217205055
24989 4.98394495412889 13.627007987881
29550 4.97709049255439 13.6290918641185
715 5.14645308924462 13.6311733546929
41230 5.13600000000005 13.6332524650603
21155 5.0821917808219 13.6353292006581
52075 5.11288483466388 13.637403566905
9605 5.15375854214105 13.6394755692012
26458 5.03412969283299 13.6415452129286
7671 4.96249999999968 13.6436125034505
20718 5.04313280363194 13.6456774461122
5713 5.07029478458054 13.6477400462406
47172 5.0022650056624 13.6498003091446
36647 2.2760180995475 13.6518582401149
25577 5.12994350282504 13.6539138444245
262659 5.09706546275428 13.6559671273284
42831 5.06651634723779 13.6580180940639
17534 5.01689189189166 13.6600667498504
50857 5.03037120359961 13.6621130998899
20952 5.16629213483124 13.6641571493668
12874 5.0448933782269 13.6661989034479
12251 2.97421524663666 13.6682383672828
41095 3.28331466965275 13.6702755460037
51167 3.261744966443 13.6723104447256
37353 2.98324022346361 13.6743430685462
22302 3.23102678571446 13.6763734225463
11779 3.25195094760326 13.6784015117897
5693 2.9309576837416 13.6804273413232
15598 3.2480533926584 13.6824509161767
13490 3.34111111111126 13.6844722413634
15747 3.3596004439512 13.6864913218798
5396 2.92682926829267 13.6885081627058
4788 3.40420819490608 13.6905227688046
25074 3.33628318584051 13.6925351451231
702 3.23204419889483 13.6945452965918
5769 3.3013245033113 13.6965532281246
25441 3.31863285556765 13.6985589446194
17011 3.40528634361221 13.7005624509579
21502 2.93179317931806 13.7025637520055
17113 3.36373626373625 13.7045628526117
12260 2.97255762897928 13.70655975761
6062 3.39473684210534 13.708554471818
17253 3.40635268346092 13.7105470000373
45102 2.98468271334788 13.712537347054
23498 3.21639344262304 13.7145255176383
27589 3.19978165938858 13.7165115165449
15895 3.26281352235547 13.7184953485127
36728 3.27995642701512 13.7204770182655
36444 3.2470076169749 13.7224565305113
39093 3.40760869565206 13.724433889943
26228 3.12920738327905 13.7264091012379
8551 3.25813449023856 13.7283821690584
12083 3.21993499458267 13.7303530980516
12824 3.18831168831182 13.7323218928495
2018 0.833513513513507 13.734288558069
21399 3.82289416846629 13.7362530983122
12872 0.734627831715221 13.7382155181662
1249 0.617456896551731 13.7401758222032
557 0.616792249730896 13.7421340149807
26210 3.60215053763421 13.7440901010415
14522 3.61331901181508 13.7460440849138
28598 3.58798283261787 13.7479959711112
6147 3.59807073954997 13.7499457641325
15600 3.139186295503 13.7518934684625
20676 3.18395721925118 13.7538390885713
22773 2.97329059829059 13.7557826289148
26407 3.203842049093 13.7577240939345
21003 2.99573560767605 13.7596634880578
3491 3.12140575079861 13.7616008156978
3216 3.38723404255298 13.7635360812538
20284 3.12008501594036 13.7654692891108
11260 3.40339702760081 13.7674004436398
15366 3.1187698833511 13.7693295491982
33260 3.34216101694929 13.7712566101292
34309 3.29841269841281 13.7731816307623
21263 3.11733615221992 13.7751046154135
57286 3.40865892291427 13.7770255683848
9063 3.12236286919843 13.7789444939647
7393 3.1159114857747 13.7808613964281
714 2.93263157894748 13.7827762800366
21570 3.48580441640376 13.7846891490381
4565 3.29201680672268 13.7866000076671
5466 3.30220356768078 13.788508860145
12709 3.48427672955965 13.7904157106797
8607 3.48691099476426 13.792320563466
33182 3.11401673640164 13.7942234226854
34779 3.23301985370943 13.7961242925064
15703 3.49373695198327 13.7980231770844
16490 3.14702815432765 13.7999200805618
10474 3.31770833333323 13.8018150070681
14492 3.48283038501579 13.8037079607197
7078 3.49480249480241 13.8055989456205
55430 3.16614745586699 13.8074879658612
18632 3.2271784232365 13.8093750255202
30152 3.11502590673563 13.8112601286628
19237 3.32401656314709 13.8131432793419
30083 3.11271975180972 13.8150244815979
9119 3.3305785123969 13.8169037394584
30742 3.48194014447903 13.8187810569388
18712 3.21546391752576 13.8206564380418
20021 2.94747682801237 13.822529886758
12282 3.49279835390964 13.8244014070654
11403 2.92600205549854 13.8262710029301
6866 3.40965092402486 13.8281386783056
9044 2.97743589743578 13.8300044371334
33227 2.9713114754098 13.831868283343
15395 3.17502558853611 13.8337302208515
42473 1.05930470347649 13.8355902535643
44546 5.08069458631246 13.8374483853746
40728 3.48877551020417 13.8393046201639
41824 3.59938837920467 13.8411589618017
5385 2.97556008146651 13.8430114141455
11623 1.60223804679551 13.8448619810413
30600 1.60060975609753 13.8467106663233
6702 4.51167512690323 13.8485574738139
57800 4.5101419878292 13.850402407324
33517 3.15400202634259 13.8522454706528
6079 3.49595141700388 13.854086667588
4181 3.28412537917078 13.8559260019059
8966 3.39393939393946 13.8577634773712
20401 2.94853683148343 13.8595990977373
9329 3.48084677419347 13.8614328667462
35662 3.34038267875133 13.8632647881286
7795 3.18913480885297 13.8650948656039
6295 2.9839195979898 13.8669231028803
855 2.91365461847393 13.8687495036548
35985 3.20461384152443 13.8705740716134
31400 3.49699398797573 13.8723968104309
29933 3.18318318318336 13.8742177237711
13045 3.47999999999973 13.8760368152867
36024 3.11188811188826 13.8778540886196
22435 3.20059880239531 13.8796695474006
56712 4.96510468594257 13.88148319525
10405 3.4850597609565 13.8832950357768
1215 3.19900497512457 13.8851050725795
10316 2.87574552683906 13.8869133092459
13649 2.93346573982128 13.8887197493529
15463 2.84821428571447 13.890524396467
11233 3.26362735381547 13.8923272541439
20324 3.16534653465347 13.8941283259288
29551 3.47873392680547 13.8959276153564
11425 3.49802371541528 13.8977251259508
29649 3.36920039486678 13.8995208612259
42652 3.14003944773153 13.9013148246849
13332 3.15073891625602 13.9031070198208
46661 3.24606299212626 13.9048974501163
4364 2.91248770894782 13.9066861190438
5577 0.965618860510795 13.9084730300655
553 0.954857703631033 13.9102581866332
41860 4.42549019607842 13.9120415921888
16229 3.1420176297745 13.913823250164
27814 6.06653620352234 13.9156031639804
47193 0.724340175953079 13.9173813370494
28139 2.6328125 13.9191577727727
263590 2.92878048780488 13.9209324745419
9614 1.65107212475638 13.9227054457387
18092 1.64946445959102 13.9244766897347
2527 1.64785992217898 13.9262462098921
9374 1.64625850340139 13.9280140095629
7511 1.6446601941748 13.9297800920895
18264 1.64306498545107 13.9315444608046
30988 4.94767441860398 13.933307119031
36943 4.94869312681547 13.9350680700822
12816 0.952611218568654 13.9368273172617
40824 0.964251207729456 13.9385848638637
35415 0.967181467181492 13.9403407131727
14178 3.11668273866934 13.9420948684638
54290 3.15510597302509 13.9438473330025
10692 3.12993262752644 13.945598110045
33139 3.14326923076948 13.9473472028381
15583 3.10662824207483 13.9490946146191
7057 3.11804222648736 13.9508403486161
20857 3.12847555129438 13.9525844080479
812 3.12068965517245 13.9543267961239
2857 3.18755980861266 13.9560675160445
29854 3.11950286806881 13.9578065710008
41497 3.17574021012401 13.9595439641747
25512 3.1230916030533 13.9612796987392
13156 3.10581506196369 13.9630137778579
18042 3.69904761904784 13.9647462046857
56140 2.12654614652724 13.9664769823682
29761 0.936311787072255 13.9682061140422
29877 0.937321937321951 13.9699336028355
53176 2.65749525616705 13.971659451867
17768 4.5421800947867 13.9733836642468
7718 4.53977272727285 13.9751062430759
4802 4.53736991485324 13.9768271914469
3152 0.907372400756151 13.9785465124433
8440 1.35316336166192 13.9802642091399
4476 0.91226415094342 13.981980284603
131090 1.57587181903862 13.9836947418901
45629_45758 1.57438794726925 13.9854075840499
17621 2.75446848541853 13.9871188141227
24139 2.75187969924827 13.9888284351402
55293 3.32018779342737 13.9905364501256
34081 3.14634146341473 13.9922428620933
6905 1.08341143392689 13.9939476740496
50562 5.81367041198472 13.9956508889922
16185 5.81478016838089 13.9973525099102
197524 0.789719626168232 13.9990525397845
12693 0.791783380018671 14.0007509815878
15817 0.792910447761202 14.0024478382842
31815 2.45293569431492 14.0041431128295
35042 6.08007448789618 14.0058368081716
23786 1.65674418604647 14.0075289272497
37153 3.36245353159843 14.009219472995
25537 5.76230269266443 14.0109084483308
8823 5.02504638218904 14.0125958561718
44974 5.02594995366058 14.0142816994249
199578 0.956481481481464 14.0159659809888
26347 3.16466234967603 14.0176487037541
59507 3.10720887245819 14.0193298706036
57970 3.22068328716555 14.0210094844119
12741 3.19003690036915 14.0226875480457
37203 3.11336405529933 14.0243640643638
32277 3.20534069981599 14.0260390362171
2860 3.13339466421362 14.0277124664486
14797 3.11121323529426 14.0293843578935
20013 3.19834710743786 14.0310547133791
5056 3.17431192660542 14.032723535725
39449 3.15582034830445 14.0343908277429
26769 3.25274725274724 14.0360565922371
6181 3.10521500457482 14.0377208320038
30212 3.1691042047531 14.0393835498318
53479 3.22648401826493 14.0410447485021
1246 3.14781021897794 14.0427044307882
56571 3.16408386508645 14.044362599456
12414 3.2030965391623 14.0460192572637
39451 3.21929026387608 14.0476744069621
23028 3.15454545454558 14.0493280512946
31605 3.18256130790169 14.0509801929968
29930 3.15335753176029 14.0526308347971
24183 1.73889392565728 14.0542799794165
45577 1.73641304347819 14.0559276295683
55752 1.74117647058823 14.0575737879589
45261 1.73417721518982 14.059218457287
24557 1.74254742547431 14.060861640244
7657 1.73285198555959 14.0625033395141
17536 1.73760144274129 14.0641435577744
38195 1.73153153153152 14.0657822976944
9889 1.73537353735368 14.0674195619367
55053 1.48651079136696 14.0690553531565
46375 3.1257861635218 14.070689674002
24709 2.99640933572709 14.0723225271141
5390 2.99461883408066 14.0739539151268
33494 3.1845878136199 14.0755838406669
15435 3.233661593554 14.0772123063541
6700 3.24865831842592 14.0788393148011
34245 3.10455764075051 14.0804648686136
4250 3.09196428571426 14.0820889703903
11282 3.24531668153418 14.0837116227231
20742 3.2513368983959 14.0853328281967
35593 3.17186108637585 14.0869525893891
9085 3.21708185053392 14.0885709088712
24806 3.13866666666681 14.0901877892074
13909 3.26110124333951 14.0918032329549
54025 3.19077196095844 14.0934172426642
16082 3.19769503546095 14.0950298208792
49889 4.5084145261297 14.0966409701367
12876 3.20619469026572 14.0982506929672
33203 3.21485411140561 14.0998589918939
34695 3.09098939929331 14.101465869434
15003 3.29479258605465 14.1030713280974
12637 3.17636684303371 14.1046753703877
30169 3.26431718061666 14.1062779988019
11816 3.15669014084518 14.1078792158303
12334 3.22779243623578 14.1094790239565
53612 3.25746924428838 14.1110774256579
32613 3.16681299385413 14.112674423405
9583 3.10789473684213 14.114270019662
35670 3.30324276950028 14.1158642168866
12180 2.97022767075319 14.11745701753
13046 3.22134733158332 14.119048424037
6876 0.24388111888112 14.120638438846
8585 5.60698689956284 14.1222270643889
4808_9395 2.76876090750437 14.1238143030913
6821 5.67044463818673 14.1254001573726
21230 5.6689895470381 14.1269846296456
25374 5.66753698868656 14.1285677223169
48257 0.245217391304349 14.130149437787
30753 0.246741963509993 14.1317297784499
49048 0.248263888888888 14.1333087466934
52041 0.24978317432784 14.1348863448993
31343 0.251299826689774 14.1364625754429
42239 0.233766233766235 14.1380374406935
41668 0.252595155709344 14.1396109430143
42682 0.242869490060502 14.1411830847622
41727 0.2279792746114 14.1427538682882
39288 0.238136324417601 14.1443232959369
2588 0.235344827586207 14.1458913700472
13188 0.254091300602929 14.1474580929517
24955 0.255593803786573 14.1490234669771
34533 0.226999140154771 14.150587494444
31376 0.256872852233676 14.1521501776671
39007 0.221459227467812 14.1537115189552
42116 0.258147512864492 14.1552715206109
56330 0.259640102827762 14.1568301849311
57044 0.214897260273973 14.1583875142068
8636 0.260906757912746 14.1599435107229
44882 0.262393162393162 14.1614981767588
57378 0.228864218616567 14.1630515145878
39435 0.232935153583619 14.1646035264773
34056 0.254901960784315 14.1661542146891
41682 0.2206132879046 14.1677035814793
48347 0.245957446808509 14.1692516290978
35238 2.22108843537414 14.1707983597893
5615 4.99915038232732 14.1723437757924
14608 1.50084889643458 14.1738878793401
12958 1.31297709923664 14.1754306726599
8557 1.31440677966105 14.1769721579732
55684 2.92464013547824 14.1785123374962
197540 5.2038917089681 14.1800512134393
8741 5.20118343195251 14.1815887880072
60955 5.20016891891939 14.1831250633991
9112 0.810970464135015 14.1846600418087
10113 3.37942664418202 14.186193725424
42811 2.2198820556022 14.1877261164277
43698 2.21885521885527 14.1892572169966
49902 2.21783010933554 14.1907870293024
47835 2.22184873949579 14.1923155555111
42117 2.21662468513844 14.1938427977834
42484 0.247483221476512 14.1953687582743
47206 2.22045264040247 14.1968934391336
12626 2.21524288107197 14.1984168425056
49112 2.21589958158983 14.1999389705294
35632 2.21404682274259 14.2014598253384
28131 2.78947368421047 14.2029794090609
262460 2.79048414023392 14.2044977238199
9457 2.71893244370301 14.2060147717328
20192 2.79583333333336 14.2075305549121
46606 1.50957535387181 14.2090450754646
263472 2.65474209650582 14.2105583354922
38894 5.90274314214416 14.2120703370913
9509 5.90199335548089 14.2135810823533
9512 5.903734439834 14.2150905733642
25320 3.32255389718098 14.2165988122049
29687 5.6420878210436 14.2181058009511
25535 2.36423841059597 14.2196115416733
49158 5.05293631100089 14.221116036437
39569 5.1752066115701 14.2226192873024
46690 3.39141205615171 14.2241212963248
7011 3.39026402640245 14.2256220655542
28204 5.77658697444393 14.2271215970356
8771 5.61285008237275 14.2286198928091
9125 5.61234567901267 14.2301169549094
34320 3.33388157894745 14.2316127853667
29492 1.03204601479048 14.2331073862056
17055 0.581280788177345 14.2346007594462
6356 0.630024610336338 14.2360929071033
10715 0.932786885245892 14.237583831187
45464 1.89434889434881 14.2390735337023
9003 1.0630114566285 14.2405620166493
57916 5.1275551921503 14.2420492820231
8779 3.67728758169933 14.2435353318142
24812 3.67591836734698 14.245020168008
21261 3.67862969004867 14.2465037925849
35776 3.25590872045622 14.2479862075208
760 0.830618892508144 14.2494674147866
3301 1.02766476810416 14.2509474163483
45025 0.19349593495935 14.2524262141673
50204 0.194151096669374 14.2539038102
12513 3.53571428571397 14.2553802063982
18555 3.00648824006499 14.2568554047089
42498 3.00729335494331 14.2583294070743
2386 3.00809716599213 14.259802215432
28986 3.29935275080894 14.2612738317149
39677 3.1705739692806 14.262744257851
33361 4.98303715670425 14.2642134957638
51645 0.263922518159807 14.2656815473722
21135 0.258870967741934 14.2671484145902
56981 0.248992747784046 14.2686140993276
48045 0.207729468599034 14.270078603489
43998 0.253419147224457 14.271541928975
12768 0.213826366559485 14.2730040776812
6712 0.250602409638553 14.2744650514988
41754 0.261637239165328 14.2759248523144
21412 0.21571772253408 14.2773834820102
50543 0.265224358974358 14.2788409424635
50542 0.23458767013611 14.2802972355475
50544 0.263199999999999 14.2817523631307
43554 0.222222222222224 14.2832063270772
51035 0.202875399361023 14.2846591292465
43478 0.201915403032722 14.2861107714938
41843 0.266347687400318 14.2875612556698
51629 3.29402390438223 14.2890105836208
56420 0.238853503184713 14.2904587571885
34867 0.208432776451869 14.2919057782105
34456 0.201112877583466 14.2933516485199
21453 0.226370135027801 14.2947963699453
42676 0.267460317460317 14.296239944311
56377 0.206978588421887 14.2976823734372
51604 0.251980982567354 14.2991236591395
35807 0.200316706254949 14.3005638032292
34700 0.260284810126583 14.3020028075134
1785 3.77470355731223 14.3034406737949
38370 2.12085308056878 14.3048774038721
45069 2.1223362273085 14.3063129995394
44318 5.84936908517351 14.3077474625868
41911 5.85027580772194 14.3091807947999
53006 3.34803149606274 14.3106129979603
55222 3.49095200629449 14.3120440738455
9150 5.07311320754702 14.3134740242284
41331 3.74391201885272 14.3149028508781
25489 4.38304552590268 14.3163305555594
262770 5.79294117647135 14.3177571400329
35214 2.87304075235102 14.3191826060551
39906 2.87157400156632 14.3206069553783
21430 2.87089201877936 14.322030189751
61370 2.87412040656773 14.3234523109171
22394 3.84609375000034 14.3248733206167
47526 0.209992193598751 14.326293220586
23889 2.67316692667701 14.3277120125567
25472 2.67420109119262 14.3291296982567
3329 2.67211838006222 14.3305462794099
40244 1.52062256809338 14.3319617577361
262375 6.02099533436932 14.3333761349511
28589 3.34654234654257 14.3347894127667
52632 3.34937888198791 14.3362015928906
11474 4.36229635376258 14.3376126770268
2116 1.02868217054262 14.339022666875
15659 1.01316808675444 14.3404315641313
39122 5.07739938080475 14.3418393704874
5410 2.15158546017021 14.3432460876316
38740 2.14760432766623 14.344651717248
6910 2.15289575289582 14.3460562610167
35393 2.15354938271598 14.3474597206141
50010 2.15420200462616 14.3488620977127
6332 2.15485362095531 14.3502633939811
36937 2.15550423402607 14.3516636110839
60770 0.177692307692308 14.3530627506821
20852 0.179093005380476 14.3544608144328
10838 2.542242703533 14.3558578039892
17716 0.667689946277834 14.3572537210007
1659 0.666411042944794 14.358648567113
41828 3.13486590038299 14.3600423439679
11872 0.640888208269518 14.3614350532035
16657_46158 0.63963274674827 14.3628266964541
3685 0.641437308868491 14.3642172753503
31103 0.768525592054993 14.365606791519
15943 0.770229007633595 14.3669952465832
12355 0.771929824561401 14.3683826421623
776 0.803353658536566 14.369768979872
789 0.805026656511798 14.3711542613243
18182 3.70624048706253 14.3725384881275
17408 3.70570342205305 14.3739216618862
11351 2.54331306990872 14.3753037842015
12271 2.54441913439629 14.3766848566706
24282 1.90819423368754 14.3780648808873
11426 2.54510993176665 14.3794438584416
33105 3.22500000000027 14.3808217909199
9381 2.90234670703993 14.3821986799052
4721 2.90166414523452 14.3835745269767
40263 2.90325018896439 14.38494933371
4795 4.95996978851977 14.3863231016773
13070 4.40377358490533 14.387695832447
34001 4.40271493212668 14.3890675275843
28885 3.36623963828157 14.3904381886505
16333 4.57756024096372 14.3918078172035
47212 4.57863054928553 14.3931764147978
13113 5.10902255639094 14.3945439829843
21769 3.23441021788113 14.3959105233103
31985 1.51426426426421 14.3972760373198
16586 2.73068267066786 14.3986405265532
39824 0.223388305847076 14.4000039925475
6871 4.92434456928815 14.4013664368362
22200 2.98128742514967 14.4027278609493
11672 3.1032161555724 14.4040882664136
8163 3.58520179372213 14.4054476547522
35706 0.837191934279325 14.4068060274849
60681 0.899253731343297 14.4081633861282
44581 0.838926174496625 14.409519732195
15582 0.841281669150538 14.4108750671949
48614 0.840655249441561 14.4122293926342
16086 0.901041666666693 14.4135827100157
3249 0.898141263940541 14.4149350208391
13193 0.842496285289745 14.4162863266004
12322 0.84187082405347 14.4176366287926
13767 2.72997032640944 14.4189859289051
35125 1.29355077835429 14.4203342284242
61918 3.35407407407396 14.4216815288328
25019 3.19615099926007 14.4230278316104
24086 2.11390532544385 14.4243731382336
45557 2.11529933481155 14.4257174501752
51190 3.94756277695754 14.427060768905
49725 6.05682656826558 14.4284030958897
11853 2.9874631268436 14.4297444325925
20807 0.217391304347826 14.4310847804735
17746 1.74742268041237 14.4324241409894
16245 1.00441501103755 14.433762515594
8473 1.00367647058823 14.4350999057375
32 0.59294636296841 14.4364363128673
6192 0.593979441997067 14.4377717384273
6711 0.798239178283185 14.4391061838583
20648 3.47653958944326 14.4404396505981
42555 4.88278388278387 14.4417721400811
5631 3.17349926793543 14.4431036537387
30633 5.01975128017612 14.4444341929991
17698 2.91081871345037 14.4457637592874
7562 4.08108108108158 14.4470923540254
17858 4.078832116788 14.4484199786322
17608 4.07731582786252 14.4497466345234
9762 4.08309037900882 14.4510723231116
9946 4.07574654042293 14.4523970458064
9319 4.08005822416325 14.4537208040143
9694 4.0843636363635 14.4550435991386
198736 5.13517441860398 14.4563654325797
262663 2.64124909222927 14.4576863057349
263441 2.63062409288825 14.4590062199985
28669 2.62944162436535 14.4603251767615
52583 2.6282608695651 14.4616431774124
7896 0.622013034033303 14.4629602233361
197304 4.88422575976825 14.4642763159148
12963 3.21836587129442 14.4655914565278
17877 2.71387283237013 14.4669056465512
49984 0.275090252707583 14.4682188873582
43258 0.275613275613278 14.4695311803189
48006 0.276135544340303 14.4708425268007
14743 0.323487031700291 14.4721529281678
12586 0.32253419726422 14.4734623857816
20960 0.324460431654679 14.4747709010005
43266 0.321351545650611 14.47607847518
197809 0.325431034482758 14.4773851096726
9269 0.320172290021535 14.4786908058279
21017 1.29483500717362 14.4799955649928
8675 1.29605734767026 14.4812993885109
