1200_8732 3.14159265358979 0.933781534009139
1299 1.65000001 2.19404913502722
3257 0.52000001 2.93125842249661
174 5.43000000999993 3.4543167360453
2828 4.60000000999995 3.86003228388932
8732 3.15999999999998 4.19152602351469
7843 4.26999999999995 4.47179998683698
1273 2.41999999999999 4.71458433706339
3356 1.68 4.92873531098408
1257 5.50999999999993 5.1202998849074
8218 3.46999999999997 5.29359112091527
15557 3.69999999999997 5.45179362453278
2914 2.24 5.59732582030284
3320 2.59999999999999 5.73206758785506
58453 2.75999999999999 5.85750917237679
12389 1.27 5.97485193808147
9394 1.98 6.08507852320226
6939 1.16 6.18900291200216
4230 4.73999999999994 6.28730695067539
4808 6.05999999999992 6.38056748592549
27699 6.22999999999991 6.46927687532445
9808 2.80999999999998 6.55385872193335
4837 6.04999999999992 6.63468010842577
7018 1.43 6.71206122555086
4134 1 6.7862830337695
3333 2.1 6.85759342132092
12956 6.20999999999991 6.92621219947156
6453 1.97 6.99233518887315
6762 3.91999999999996 7.05613758853
5400 4.00999999999996 7.11777677339488
101 2.2 7.17739463307304
34224 4.97999999999994 7.23511953909955
7713 1.86 7.29106800940274
6714 3.83999999999996 7.34534612422034
3255 2.90999999999998 7.39805073671716
42525 5.91999999999992 7.44927051302025
8657 1.51 7.49908682972591
6830 1.07 7.54757455169348
6461 0.910000000000001 7.59480270879031
12322 3.50999999999997 7.64083508694357
33891 4.07999999999996 7.68573074619879
21219 4.90999999999994 7.72954447634254
4766 2.41999999999999 7.77232719890652
16713 0.34 7.81412632295143
6389 1.39 7.85498606086426
43975 1.26 7.89494770944386
34347 3.92999999999996 7.9340499007547
3549 1.35 7.97232882656894
20965 2.95999999999998 8.00981843966482
16735 1.81 8.04655063478759
9680 5.84999999999992 8.08255541168973
3462 5.85999999999992 8.11786102233901
29075 3.58999999999997 8.1524941041039
18779 1.12 8.18647980048964
13536_20225 1.55 8.21984187079545
24138 6.11999999999991 8.25260278989123
20676 3.27999999999997 8.28478383916287
3352 6.15999999999991 8.31640518954808
7922 5.63999999999992 8.34748597747408
12312 3.22999999999998 8.37804437441296
1241 3.34999999999997 8.40809765068789
17974 1.89 8.43766223409112
10429 6.26999999999991 8.46675376381193
3265 2.86999999999998 8.49538714011763
14954 2.16 8.52357657018302
6503 5.29999999999993 8.55133561042082
35158 5.92999999999992 8.57867720562908
35805 2.05 8.60561372523842
9146 1.91 8.63215699691325
15879 2.98999999999998 8.65831833773525
31863 1.58 8.68410858317517
43142 3.58999999999997 8.70953811403833
51645 1.48 8.73461688155167
3209 3.31999999999997 8.75935443074399
41754 1.78 8.78375992225698
20647 1.76 8.80784215271156
4609 2.71999999999999 8.83160957374311
24940 3.37999999999997 8.8550703098084
6805 3.00999999999998 8.87823217485827
24445 2.83999999999998 8.90110268796165
40244 1.55 8.92368908795903
7557 2.38999999999999 8.94599834721687
2119 2.67999999999999 8.96803718454841
209 1.83 8.98981207736062
30083 5.33999999999993 9.01132927308244
32277 5.36999999999993 9.03259479992461
13591 5.38999999999993 9.05361447701747
29886 5.26999999999993 9.07439392396951
25229 3.89999999999996 9.09493856988576
12768 1.93 9.11525366188235
11351 4.23999999999995 9.13534427313068
24699 1.23 9.15521531046194
28573 4.77999999999994 9.17487152156051
36351 3.02999999999998 9.19431750177278
2856 4.01999999999996 9.21355770055558
45057 2.02 9.23259642758702
11837 0.32 9.25143785856074
4713 2.26 9.27008604068291
9595 2.28 9.28854489789021
52207 1.6 9.30681823580567
43763 3.73267326732674 9.32490974644779
1213 2.96078431372548 9.34282301270781
11427 4.27184466019419 9.36056151260848
10796 4.29807692307692 9.37812862335709
12271 4.21904761904761 9.39552762520463
20001 4.32075471698115 9.41276170512199
5413 3.29906542056075 9.42983396030351
33363 4.20370370370368 9.44674740150772
6327 2.93577981651377 9.46350495624394
12741 0.518181818181818 9.48010947181353
32613 0.540540540540541 9.49656371821338
9443 0.491071428571429 9.51287039090931
18978 0.56637168141593 9.52903211348612
20077 0.464912280701755 9.54505144018095
8781 3.19130434782607 9.56093085830596
39651 3.04310344827588 9.57667279056617
18403 2.6068376068376 9.59227959727779
6855 2.58474576271186 9.60775357849217
14671 5.05042016806721 9.6230969760301
18881 1.34166666666666 9.63831197543104
8426 3.39669421487606 9.6534007078214
4181 5.80327868852453 9.66836525170597
7029 4.60162601626017 9.68320763468626
7545 4.58064516129036 9.69792983510921
9318 4.624 9.71253378364969
17621 6.015873015873 9.72702136483001
7992 4.55905511811023 9.7413944184793
7065 4.640625 9.75565474113571
55720 1.94573643410853 9.769804087394
39731 5.56923076923075 9.78384417120111
9304 5.80916030534356 9.79777666710214
701 1.56818181818182 9.8116032114389
5390 3.36842105263156 9.82532540350324
3243 1.5 9.83894480664716
4812 1 9.85246294935174
9143 2.85294117647058 9.86588132625651
4739 0.0437956204379562 9.87920139915118
13285 3.16666666666668 9.89242459793133
29687 4.97841726618702 9.90555232151949
3301 1.79285714285714 9.91858593875333
55 1.7304964539007 9.93152678924217
1103 3.14084507042257 9.94437618419325
6723 2.90209790209793 9.95713540720897
16657 5.04861111111119 9.96980571505641
12859 3.12413793103445 9.98238833841018
20940 3.52739726027394 9.99488448256975
1200 0.0476190476190476 10.0072953281523
8767 1.53378378378379 10.0196220317621
26599 6.24832214765108 10.0318657266372
31200 3.33333333333336 10.0440275232751
3292 3.05298013245031 10.0561085100363
48172 3.26315789473687 10.0681097537296
31932 0.91503267973856 10.0800323001772
25935 1.72077922077922 10.0918771747612
36489 1.70967741935483 10.1036453829532
16625 2.4551282051282 10.1153379108265
9394_23724_4808 6.08280254777084 10.1269557255515
12824 3.84177215189875 10.1384997758764
8228 3.71069182389943 10.1499709925914
4436 0.506249999999999 10.1613702889797
57940 3.15527950310556 10.1726985612536
17633 0.987654320987658 10.1839566889771
197988 4.07975460122698 10.195145535476
21406 3.94512195121944 10.206265948235
198056 1.24242424242425 10.2173187592829
53006 1.8132530120482 10.2283047855665
26769 0.479041916167664 10.2392248293123
45043 4.91071428571434 10.2500796783787
24400 2.82248520710057 10.2608701065965
57442 2.89411764705881 10.2715968741005
